info: http://www.fluidstudios.com/pub/FluidStudios/Tools/Fluid_Studios_Font_Generation_Tool.zip
    : ascii, char_x, char_y, byteWidth, byteHeight, xOffset, yOffset, screenWidth, screenHeight

font_proggy_opti_small.png 512 256
0 0 0 0 0 0 0 0 0
1 0 0 0 0 0 0 0 0
2 0 0 0 0 0 0 0 0
3 0 0 0 0 0 0 0 0
4 0 0 0 0 0 0 0 0
5 0 0 0 0 0 0 0 0
6 0 0 0 0 0 0 0 0
7 0 0 0 0 0 0 0 0
8 0 0 0 0 0 0 0 0
9 0 0 0 0 0 0 0 0
10 0 0 0 0 0 0 0 0
11 0 0 0 0 0 0 0 0
12 0 0 0 0 0 0 0 0
13 0 0 0 0 0 0 0 0
14 0 0 0 0 0 0 0 0
15 0 0 0 0 0 0 0 0
16 0 0 5 8 0 -7 4 10
17 5 0 4 6 0 -6 4 10
18 9 0 3 8 1 -7 4 10
19 12 0 2 7 1 -7 4 10
20 14 0 4 8 0 -7 4 10
21 18 0 5 5 0 -7 4 10
22 23 0 5 4 0 -3 4 10
23 28 0 3 8 0 -7 4 10
24 31 0 3 8 1 -7 4 10
25 34 0 3 8 2 -7 4 10
26 37 0 4 3 0 -4 4 10
27 41 0 4 3 0 -4 4 10
28 45 0 0 0 0 0 0 0
29 45 0 0 0 0 0 0 0
30 45 0 0 0 0 0 0 0
31 45 0 0 0 0 0 0 0
32 45 0 0 0 0 0 6 0
33 45 0 1 7 2 -7 6 10
34 46 0 3 3 1 -8 6 10
35 49 0 5 6 0 -6 6 10
36 54 0 5 7 0 -6 6 10
37 59 0 5 7 0 -7 6 10
38 64 0 5 7 0 -7 6 10
39 69 0 2 3 2 -8 6 10
40 71 0 3 9 1 -8 6 10
41 74 0 3 9 1 -8 6 10
42 77 0 5 5 0 -6 6 10
43 82 0 5 5 0 -6 6 10
44 87 0 2 3 2 -1 6 10
45 89 0 5 1 0 -4 6 10
46 94 0 1 1 2 -1 6 10
47 95 0 5 10 0 -8 6 10
48 100 0 5 7 0 -7 6 10
49 105 0 3 7 1 -7 6 10
50 108 0 5 7 0 -7 6 10
51 113 0 5 7 0 -7 6 10
52 118 0 5 7 0 -7 6 10
53 123 0 5 7 0 -7 6 10
54 128 0 5 7 0 -7 6 10
55 133 0 5 7 0 -7 6 10
56 138 0 5 7 0 -7 6 10
57 143 0 5 7 0 -7 6 10
58 148 0 1 4 2 -5 6 10
59 149 0 2 6 2 -4 6 10
60 151 0 4 7 1 -7 6 10
61 155 0 5 3 0 -5 6 10
62 160 0 4 7 1 -7 6 10
63 164 0 5 7 0 -7 6 10
64 169 0 5 7 0 -7 6 10
65 174 0 5 7 0 -7 6 10
66 179 0 5 7 0 -7 6 10
67 184 0 5 7 0 -7 6 10
68 189 0 5 7 0 -7 6 10
69 194 0 5 7 0 -7 6 10
70 199 0 5 7 0 -7 6 10
71 204 0 5 7 0 -7 6 10
72 209 0 5 7 0 -7 6 10
73 214 0 3 7 1 -7 6 10
74 217 0 5 7 0 -7 6 10
75 222 0 5 7 0 -7 6 10
76 227 0 5 7 0 -7 6 10
77 232 0 5 7 0 -7 6 10
78 237 0 5 7 0 -7 6 10
79 242 0 5 7 0 -7 6 10
80 247 0 5 7 0 -7 6 10
81 252 0 6 9 0 -7 6 10
82 258 0 5 7 0 -7 6 10
83 263 0 5 7 0 -7 6 10
84 268 0 5 7 0 -7 6 10
85 273 0 5 7 0 -7 6 10
86 278 0 5 7 0 -7 6 10
87 283 0 5 7 0 -7 6 10
88 288 0 5 7 0 -7 6 10
89 293 0 5 7 0 -7 6 10
90 298 0 5 7 0 -7 6 10
91 303 0 3 9 1 -8 6 10
92 306 0 5 10 0 -8 6 10
93 311 0 3 9 1 -8 6 10
94 314 0 5 3 0 -7 6 10
95 319 0 6 1 0 0 6 10
96 325 0 2 3 2 -8 6 10
97 327 0 5 5 0 -5 6 10
98 332 0 5 8 0 -8 6 10
99 337 0 5 5 0 -5 6 10
100 342 0 5 8 0 -8 6 10
101 347 0 5 5 0 -5 6 10
102 352 0 5 7 0 -7 6 10
103 357 0 5 7 0 -5 6 10
104 362 0 5 8 0 -8 6 10
105 367 0 2 7 1 -7 6 10
106 369 0 4 9 0 -7 6 10
107 373 0 4 8 1 -8 6 10
108 377 0 2 8 1 -8 6 10
109 379 0 5 5 0 -5 6 10
110 384 0 5 5 0 -5 6 10
111 389 0 5 5 0 -5 6 10
112 394 0 5 7 0 -5 6 10
113 399 0 5 7 0 -5 6 10
114 404 0 5 5 0 -5 6 10
115 409 0 5 5 0 -5 6 10
116 414 0 4 7 1 -7 6 10
117 418 0 5 5 0 -5 6 10
118 423 0 5 5 0 -5 6 10
119 428 0 5 5 0 -5 6 10
120 433 0 5 5 0 -5 6 10
121 438 0 5 7 0 -5 6 10
122 443 0 5 5 0 -5 6 10
123 448 0 3 9 1 -8 6 10
124 451 0 1 9 2 -8 6 10
125 452 0 3 9 1 -8 6 10
126 455 0 6 2 0 -4 6 10
127 461 0 0 0 0 0 0 0
128 461 0 5 7 0 -7 6 10
129 466 0 0 0 0 0 0 0
130 466 0 2 3 2 -1 6 10
131 468 0 5 10 0 -8 6 10
132 473 0 4 3 1 -1 6 10
133 477 0 5 1 0 -1 6 10
134 482 0 5 8 0 -7 6 10
135 487 0 5 8 0 -7 6 10
136 492 0 3 2 1 -7 6 10
137 495 0 6 9 0 -8 6 10
138 501 0 5 7 0 -7 6 10
139 506 0 3 5 1 -5 6 10
140 0 10 5 7 0 -7 6 10
141 5 10 0 0 0 0 0 0
142 5 10 5 7 0 -7 6 10
143 10 10 0 0 0 0 0 0
144 10 10 0 0 0 0 0 0
145 10 10 2 3 2 -6 6 10
146 12 10 2 3 2 -6 6 10
147 14 10 4 3 1 -6 6 10
148 18 10 4 3 1 -6 6 10
149 22 10 4 4 1 -5 6 10
150 26 10 4 1 1 -4 6 10
151 30 10 6 1 0 -4 6 10
152 36 10 4 2 1 -8 6 10
153 40 10 6 3 0 -8 6 10
154 46 10 5 7 0 -7 6 10
155 51 10 3 5 1 -5 6 10
156 54 10 5 5 0 -5 6 10
157 59 10 0 0 0 0 0 0
158 59 10 5 7 0 -7 6 10
159 64 10 5 8 0 -8 6 10
160 69 10 0 0 0 0 0 0
161 69 10 2 7 1 -7 6 10
162 71 10 4 6 1 -5 6 10
163 75 10 5 9 0 -7 6 10
164 80 10 5 5 0 -5 6 10
165 85 10 5 7 0 -7 6 10
166 90 10 1 8 2 -7 6 10
167 91 10 4 9 0 -7 6 10
168 95 10 3 1 1 -8 6 10
169 98 10 6 8 0 -8 6 10
170 104 10 0 0 0 0 0 0
171 104 10 5 5 0 -5 6 10
172 109 10 6 3 0 -4 6 10
173 115 10 4 1 1 -4 6 10
174 119 10 6 8 0 -8 6 10
175 125 10 6 1 0 -8 6 10
176 131 10 3 3 1 -6 6 10
177 134 10 5 7 0 -7 6 10
178 139 10 3 5 2 -8 6 10
179 142 10 3 5 2 -8 6 10
180 145 10 2 2 2 -8 6 10
181 147 10 5 7 0 -5 6 10
182 152 10 5 8 0 -8 6 10
183 157 10 2 2 1 -3 6 10
184 159 10 2 2 2 0 6 10
185 161 10 3 5 2 -8 6 10
186 164 10 4 4 0 -7 6 10
187 168 10 5 5 0 -5 6 10
188 173 10 5 9 0 -8 6 10
189 178 10 5 9 0 -8 6 10
190 183 10 6 9 0 -8 6 10
191 189 10 5 7 0 -6 6 10
192 194 10 5 8 0 -8 6 10
193 199 10 5 8 0 -8 6 10
194 204 10 5 8 0 -8 6 10
195 209 10 5 8 0 -8 6 10
196 214 10 5 8 0 -8 6 10
197 219 10 5 8 0 -8 6 10
198 224 10 5 7 0 -7 6 10
199 229 10 5 9 0 -7 6 10
200 234 10 4 8 0 -8 6 10
201 238 10 4 8 0 -8 6 10
202 242 10 4 8 0 -8 6 10
203 246 10 4 8 0 -8 6 10
204 250 10 3 8 1 -8 6 10
205 253 10 3 8 1 -8 6 10
206 256 10 3 8 1 -8 6 10
207 259 10 3 8 1 -8 6 10
208 262 10 5 7 0 -7 6 10
209 267 10 5 8 0 -8 6 10
210 272 10 5 8 0 -8 6 10
211 277 10 5 8 0 -8 6 10
212 282 10 5 8 0 -8 6 10
213 287 10 5 8 0 -8 6 10
214 292 10 5 8 0 -8 6 10
215 297 10 6 6 0 -6 6 10
216 303 10 6 8 0 -8 6 10
217 309 10 5 8 0 -8 6 10
218 314 10 5 8 0 -8 6 10
219 319 10 5 8 0 -8 6 10
220 324 10 5 8 0 -8 6 10
221 329 10 5 8 0 -8 6 10
222 334 10 5 8 0 -8 6 10
223 339 10 5 9 0 -7 6 10
224 344 10 5 8 0 -8 6 10
225 349 10 5 8 0 -8 6 10
226 354 10 5 8 0 -8 6 10
227 359 10 5 8 0 -8 6 10
228 364 10 5 7 0 -7 6 10
229 369 10 5 8 0 -8 6 10
230 374 10 5 5 0 -5 6 10
231 379 10 5 7 0 -5 6 10
232 384 10 5 8 0 -8 6 10
233 389 10 5 8 0 -8 6 10
234 394 10 5 8 0 -8 6 10
235 399 10 5 7 0 -7 6 10
236 404 10 2 8 1 -8 6 10
237 406 10 3 8 1 -8 6 10
238 409 10 3 8 1 -8 6 10
239 412 10 3 7 1 -7 6 10
240 415 10 5 7 0 -7 6 10
241 420 10 5 8 0 -8 6 10
242 425 10 5 8 0 -8 6 10
243 430 10 5 8 0 -8 6 10
244 435 10 5 8 0 -8 6 10
245 440 10 5 8 0 -8 6 10
246 445 10 5 7 0 -7 6 10
247 450 10 5 5 0 -5 6 10
248 455 10 5 6 0 -6 6 10
249 460 10 5 8 0 -8 6 10
250 465 10 5 8 0 -8 6 10
251 470 10 5 8 0 -8 6 10
252 475 10 5 7 0 -7 6 10
253 480 10 5 10 0 -8 6 10
254 485 10 5 9 0 -7 6 10
255 490 10 5 9 0 -7 6 10
8 2 10
