info: http://www.fluidstudios.com/pub/FluidStudios/Tools/Fluid_Studios_Font_Generation_Tool.zip
    : ascii, char_x, char_y, byteWidth, byteHeight, xOffset, yOffset, screenWidth, screenHeight

gap_font_proggy_opti_small.png 256 256
0 1 1 0 0 0 0 0 0
1 1 1 0 0 0 0 0 0
2 1 1 0 0 0 0 0 0
3 1 1 0 0 0 0 0 0
4 1 1 0 0 0 0 0 0
5 1 1 0 0 0 0 0 0
6 1 1 0 0 0 0 0 0
7 1 1 0 0 0 0 0 0
8 1 1 0 0 0 0 0 0
9 1 1 0 0 0 0 0 0
10 1 1 0 0 0 0 0 0
11 1 1 0 0 0 0 0 0
12 1 1 0 0 0 0 0 0
13 1 1 0 0 0 0 0 0
14 1 1 0 0 0 0 0 0
15 1 1 0 0 0 0 0 0
16 1 1 5 8 0 -7 4 10
17 7 1 4 6 0 -6 4 10
18 12 1 3 8 1 -7 4 10
19 16 1 2 7 1 -7 4 10
20 19 1 4 8 0 -7 4 10
21 24 1 5 5 0 -7 4 10
22 30 1 5 4 0 -3 4 10
23 36 1 3 8 0 -7 4 10
24 40 1 3 8 1 -7 4 10
25 44 1 3 8 2 -7 4 10
26 48 1 4 3 0 -4 4 10
27 53 1 4 3 0 -4 4 10
28 58 1 0 0 0 0 0 0
29 58 1 0 0 0 0 0 0
30 58 1 0 0 0 0 0 0
31 58 1 0 0 0 0 0 0
32 58 1 0 0 0 0 6 0
33 58 1 1 7 2 -7 6 10
34 60 1 3 3 1 -8 6 10
35 64 1 5 6 0 -6 6 10
36 70 1 5 7 0 -6 6 10
37 76 1 5 7 0 -7 6 10
38 82 1 5 7 0 -7 6 10
39 88 1 2 3 2 -8 6 10
40 91 1 3 9 1 -8 6 10
41 95 1 3 9 1 -8 6 10
42 99 1 5 5 0 -6 6 10
43 105 1 5 5 0 -6 6 10
44 111 1 2 3 2 -1 6 10
45 114 1 5 1 0 -4 6 10
46 120 1 1 1 2 -1 6 10
47 122 1 5 10 0 -8 6 10
48 128 1 5 7 0 -7 6 10
49 134 1 3 7 1 -7 6 10
50 138 1 5 7 0 -7 6 10
51 144 1 5 7 0 -7 6 10
52 150 1 5 7 0 -7 6 10
53 156 1 5 7 0 -7 6 10
54 162 1 5 7 0 -7 6 10
55 168 1 5 7 0 -7 6 10
56 174 1 5 7 0 -7 6 10
57 180 1 5 7 0 -7 6 10
58 186 1 1 4 2 -5 6 10
59 188 1 2 6 2 -4 6 10
60 191 1 4 7 1 -7 6 10
61 196 1 5 3 0 -5 6 10
62 202 1 4 7 1 -7 6 10
63 207 1 5 7 0 -7 6 10
64 213 1 5 7 0 -7 6 10
65 219 1 5 7 0 -7 6 10
66 225 1 5 7 0 -7 6 10
67 231 1 5 7 0 -7 6 10
68 237 1 5 7 0 -7 6 10
69 243 1 5 7 0 -7 6 10
70 249 1 5 7 0 -7 6 10
71 1 12 5 7 0 -7 6 10
72 7 12 5 7 0 -7 6 10
73 13 12 3 7 1 -7 6 10
74 17 12 5 7 0 -7 6 10
75 23 12 5 7 0 -7 6 10
76 29 12 5 7 0 -7 6 10
77 35 12 5 7 0 -7 6 10
78 41 12 5 7 0 -7 6 10
79 47 12 5 7 0 -7 6 10
80 53 12 5 7 0 -7 6 10
81 59 12 6 9 0 -7 6 10
82 66 12 5 7 0 -7 6 10
83 72 12 5 7 0 -7 6 10
84 78 12 5 7 0 -7 6 10
85 84 12 5 7 0 -7 6 10
86 90 12 5 7 0 -7 6 10
87 96 12 5 7 0 -7 6 10
88 102 12 5 7 0 -7 6 10
89 108 12 5 7 0 -7 6 10
90 114 12 5 7 0 -7 6 10
91 120 12 3 9 1 -8 6 10
92 124 12 5 10 0 -8 6 10
93 130 12 3 9 1 -8 6 10
94 134 12 5 3 0 -7 6 10
95 140 12 6 1 0 0 6 10
96 147 12 2 3 2 -8 6 10
97 150 12 5 5 0 -5 6 10
98 156 12 5 8 0 -8 6 10
99 162 12 5 5 0 -5 6 10
100 168 12 5 8 0 -8 6 10
101 174 12 5 5 0 -5 6 10
102 180 12 5 7 0 -7 6 10
103 186 12 5 7 0 -5 6 10
104 192 12 5 8 0 -8 6 10
105 198 12 2 7 1 -7 6 10
106 201 12 4 9 0 -7 6 10
107 206 12 4 8 1 -8 6 10
108 211 12 2 8 1 -8 6 10
109 214 12 5 5 0 -5 6 10
110 220 12 5 5 0 -5 6 10
111 226 12 5 5 0 -5 6 10
112 232 12 5 7 0 -5 6 10
113 238 12 5 7 0 -5 6 10
114 244 12 5 5 0 -5 6 10
115 250 12 5 5 0 -5 6 10
116 1 23 4 7 1 -7 6 10
117 6 23 5 5 0 -5 6 10
118 12 23 5 5 0 -5 6 10
119 18 23 5 5 0 -5 6 10
120 24 23 5 5 0 -5 6 10
121 30 23 5 7 0 -5 6 10
122 36 23 5 5 0 -5 6 10
123 42 23 3 9 1 -8 6 10
124 46 23 1 9 2 -8 6 10
125 48 23 3 9 1 -8 6 10
126 52 23 6 2 0 -4 6 10
127 59 23 0 0 0 0 0 0
128 59 23 5 7 0 -7 6 10
129 65 23 0 0 0 0 0 0
130 65 23 2 3 2 -1 6 10
131 68 23 5 10 0 -8 6 10
132 74 23 4 3 1 -1 6 10
133 79 23 5 1 0 -1 6 10
134 85 23 5 8 0 -7 6 10
135 91 23 5 8 0 -7 6 10
136 97 23 3 2 1 -7 6 10
137 101 23 6 9 0 -8 6 10
138 108 23 5 7 0 -7 6 10
139 114 23 3 5 1 -5 6 10
140 118 23 5 7 0 -7 6 10
141 124 23 0 0 0 0 0 0
142 124 23 5 7 0 -7 6 10
143 130 23 0 0 0 0 0 0
144 130 23 0 0 0 0 0 0
145 130 23 2 3 2 -6 6 10
146 133 23 2 3 2 -6 6 10
147 136 23 4 3 1 -6 6 10
148 141 23 4 3 1 -6 6 10
149 146 23 4 4 1 -5 6 10
150 151 23 4 1 1 -4 6 10
151 156 23 6 1 0 -4 6 10
152 163 23 4 2 1 -8 6 10
153 168 23 6 3 0 -8 6 10
154 175 23 5 7 0 -7 6 10
155 181 23 3 5 1 -5 6 10
156 185 23 5 5 0 -5 6 10
157 191 23 0 0 0 0 0 0
158 191 23 5 7 0 -7 6 10
159 197 23 5 8 0 -8 6 10
160 203 23 0 0 0 0 0 0
161 203 23 2 7 1 -7 6 10
162 206 23 4 6 1 -5 6 10
163 211 23 5 9 0 -7 6 10
164 217 23 5 5 0 -5 6 10
165 223 23 5 7 0 -7 6 10
166 229 23 1 8 2 -7 6 10
167 231 23 4 9 0 -7 6 10
168 236 23 3 1 1 -8 6 10
169 240 23 6 8 0 -8 6 10
170 247 23 0 0 0 0 0 0
171 247 23 5 5 0 -5 6 10
172 1 34 6 3 0 -4 6 10
173 8 34 4 1 1 -4 6 10
174 13 34 6 8 0 -8 6 10
175 20 34 6 1 0 -8 6 10
176 27 34 3 3 1 -6 6 10
177 31 34 5 7 0 -7 6 10
178 37 34 3 5 2 -8 6 10
179 41 34 3 5 2 -8 6 10
180 45 34 2 2 2 -8 6 10
181 48 34 5 7 0 -5 6 10
182 54 34 5 8 0 -8 6 10
183 60 34 2 2 1 -3 6 10
184 63 34 2 2 2 0 6 10
185 66 34 3 5 2 -8 6 10
186 70 34 4 4 0 -7 6 10
187 75 34 5 5 0 -5 6 10
188 81 34 5 9 0 -8 6 10
189 87 34 5 9 0 -8 6 10
190 93 34 6 9 0 -8 6 10
191 100 34 5 7 0 -6 6 10
192 106 34 5 8 0 -8 6 10
193 112 34 5 8 0 -8 6 10
194 118 34 5 8 0 -8 6 10
195 124 34 5 8 0 -8 6 10
196 130 34 5 8 0 -8 6 10
197 136 34 5 8 0 -8 6 10
198 142 34 5 7 0 -7 6 10
199 148 34 5 9 0 -7 6 10
200 154 34 4 8 0 -8 6 10
201 159 34 4 8 0 -8 6 10
202 164 34 4 8 0 -8 6 10
203 169 34 4 8 0 -8 6 10
204 174 34 3 8 1 -8 6 10
205 178 34 3 8 1 -8 6 10
206 182 34 3 8 1 -8 6 10
207 186 34 3 8 1 -8 6 10
208 190 34 5 7 0 -7 6 10
209 196 34 5 8 0 -8 6 10
210 202 34 5 8 0 -8 6 10
211 208 34 5 8 0 -8 6 10
212 214 34 5 8 0 -8 6 10
213 220 34 5 8 0 -8 6 10
214 226 34 5 8 0 -8 6 10
215 232 34 6 6 0 -6 6 10
216 239 34 6 8 0 -8 6 10
217 246 34 5 8 0 -8 6 10
218 1 44 5 8 0 -8 6 10
219 7 44 5 8 0 -8 6 10
220 13 44 5 8 0 -8 6 10
221 19 44 5 8 0 -8 6 10
222 25 44 5 8 0 -8 6 10
223 31 44 5 9 0 -7 6 10
224 37 44 5 8 0 -8 6 10
225 43 44 5 8 0 -8 6 10
226 49 44 5 8 0 -8 6 10
227 55 44 5 8 0 -8 6 10
228 61 44 5 7 0 -7 6 10
229 67 44 5 8 0 -8 6 10
230 73 44 5 5 0 -5 6 10
231 79 44 5 7 0 -5 6 10
232 85 44 5 8 0 -8 6 10
233 91 44 5 8 0 -8 6 10
234 97 44 5 8 0 -8 6 10
235 103 44 5 7 0 -7 6 10
236 109 44 2 8 1 -8 6 10
237 112 44 3 8 1 -8 6 10
238 116 44 3 8 1 -8 6 10
239 120 44 3 7 1 -7 6 10
240 124 44 5 7 0 -7 6 10
241 130 44 5 8 0 -8 6 10
242 136 44 5 8 0 -8 6 10
243 142 44 5 8 0 -8 6 10
244 148 44 5 8 0 -8 6 10
245 154 44 5 8 0 -8 6 10
246 160 44 5 7 0 -7 6 10
247 166 44 5 5 0 -5 6 10
248 172 44 5 6 0 -6 6 10
249 178 44 5 8 0 -8 6 10
250 184 44 5 8 0 -8 6 10
251 190 44 5 8 0 -8 6 10
252 196 44 5 7 0 -7 6 10
253 202 44 5 10 0 -8 6 10
254 208 44 5 9 0 -7 6 10
255 214 44 5 9 0 -7 6 10
8 2 10
